L0 0 0 0 L0DT 0 0 0 L0DTPF 0 0 0 L1 0 0 0 L1PF 0 0 0 L2 0 0 0 L2PF 0 0 0 
L0 23 3 23 L0DT 12 3 12 L0DTPF 12 3 12 L1 12 3 1 L1PF 12 3 1 L2 11 3 1 L2PF 11 3 1 
L0 38 4 38 L0DT 23 4 23 L0DTPF 23 4 23 L1 23 4 1 L1PF 23 4 1 L2 22 4 1 L2PF 22 4 1 
L0 61 7 61 L0DT 34 7 34 L0DTPF 34 7 34 L1 34 7 2 L1PF 34 7 2 L2 34 7 2 L2PF 33 7 2 
L0 77 9 77 L0DT 45 9 45 L0DTPF 45 8 45 L1 45 8 4 L1PF 45 8 4 L2 45 8 4 L2PF 44 8 4 
L0 93 13 93 L0DT 56 13 56 L0DTPF 56 12 56 L1 56 12 4 L1PF 56 12 4 L2 56 12 4 L2PF 54 11 4 
L0 113 18 113 L0DT 68 18 68 L0DTPF 68 17 68 L1 68 17 5 L1PF 68 16 5 L2 67 16 5 L2PF 64 14 5 
L0 133 19 133 L0DT 79 19 79 L0DTPF 79 18 79 L1 79 18 6 L1PF 79 17 6 L2 79 17 6 L2PF 75 15 6 
L0 162 24 162 L0DT 94 23 94 L0DTPF 93 22 93 L1 93 22 6 L1PF 93 20 6 L2 92 20 6 L2PF 86 18 6 
L0 187 29 187 L0DT 105 28 105 L0DTPF 104 27 104 L1 104 27 6 L1PF 104 24 6 L2 104 24 6 L2PF 97 19 6 
L0 220 31 220 L0DT 121 30 121 L0DTPF 120 29 120 L1 120 29 6 L1PF 120 26 6 L2 119 25 6 L2PF 110 20 6 
L0 241 35 241 L0DT 133 34 133 L0DTPF 132 33 132 L1 132 33 6 L1PF 132 30 6 L2 131 30 6 L2PF 121 25 6 
L0 250 36 250 L0DT 140 35 140 L0DTPF 139 34 139 L1 139 34 7 L1PF 139 31 7 L2 138 31 6 L2PF 128 26 6 
L0 271 36 271 L0DT 152 35 152 L0DTPF 151 34 151 L1 151 34 7 L1PF 151 31 7 L2 150 31 7 L2PF 140 26 7 
L0 285 40 285 L0DT 161 39 161 L0DTPF 160 38 160 L1 160 38 8 L1PF 160 35 8 L2 159 35 8 L2PF 148 30 8 
L0 311 42 311 L0DT 175 41 175 L0DTPF 174 40 174 L1 174 40 8 L1PF 174 37 8 L2 174 37 8 L2PF 163 32 8 
L0 332 46 332 L0DT 189 45 189 L0DTPF 188 44 188 L1 188 44 8 L1PF 188 40 8 L2 188 40 8 L2PF 177 35 8 
L0 358 48 358 L0DT 202 47 202 L0DTPF 201 46 201 L1 201 46 8 L1PF 201 42 8 L2 201 42 8 L2PF 190 37 8 
L0 371 49 371 L0DT 212 48 212 L0DTPF 211 47 211 L1 211 47 8 L1PF 211 43 8 L2 211 43 8 L2PF 200 38 8 
L0 393 52 393 L0DT 223 50 223 L0DTPF 222 49 222 L1 222 49 9 L1PF 222 44 9 L2 222 44 9 L2PF 211 39 9 
L0 410 54 410 L0DT 232 52 232 L0DTPF 231 51 231 L1 230 51 9 L1PF 230 46 9 L2 230 45 9 L2PF 219 40 9 
L0 428 57 428 L0DT 242 55 242 L0DTPF 241 54 241 L1 241 54 9 L1PF 241 49 9 L2 241 49 9 L2PF 230 43 9 
L0 443 59 443 L0DT 252 57 252 L0DTPF 251 56 251 L1 251 56 9 L1PF 251 51 9 L2 251 51 9 L2PF 240 44 9 
L0 466 61 466 L0DT 265 59 265 L0DTPF 264 58 264 L1 264 58 9 L1PF 264 52 9 L2 263 52 9 L2PF 250 45 9 
L0 495 61 495 L0DT 278 59 278 L0DTPF 277 58 277 L1 277 58 11 L1PF 277 52 11 L2 276 52 11 L2PF 259 45 11 
L0 508 65 508 L0DT 287 63 287 L0DTPF 286 62 286 L1 286 62 11 L1PF 286 56 11 L2 286 56 11 L2PF 269 49 11 
L0 533 69 533 L0DT 301 67 301 L0DTPF 300 65 300 L1 300 65 12 L1PF 300 59 12 L2 300 59 12 L2PF 282 52 12 
L0 548 72 548 L0DT 312 70 312 L0DTPF 311 68 311 L1 311 68 13 L1PF 311 62 13 L2 310 62 13 L2PF 292 55 13 
L0 565 73 565 L0DT 323 70 323 L0DTPF 322 68 322 L1 322 68 13 L1PF 322 62 13 L2 322 62 13 L2PF 304 55 13 
L0 583 75 583 L0DT 334 72 334 L0DTPF 333 70 333 L1 333 70 14 L1PF 333 64 14 L2 333 64 14 L2PF 315 57 14 
L0 607 77 607 L0DT 346 74 346 L0DTPF 345 72 345 L1 345 72 14 L1PF 345 66 14 L2 345 66 14 L2PF 323 58 14 
L0 629 79 629 L0DT 358 76 358 L0DTPF 357 74 357 L1 356 74 14 L1PF 356 67 14 L2 356 67 14 L2PF 334 59 14 
L0 651 80 651 L0DT 370 77 370 L0DTPF 369 75 369 L1 369 75 14 L1PF 369 68 14 L2 368 68 14 L2PF 346 60 14 
L0 672 85 672 L0DT 384 81 384 L0DTPF 383 79 383 L1 383 79 14 L1PF 383 71 14 L2 382 70 14 L2PF 360 61 14 
L0 690 86 690 L0DT 393 82 393 L0DTPF 392 80 392 L1 392 80 14 L1PF 392 72 14 L2 392 72 14 L2PF 369 63 14 
L0 712 90 712 L0DT 405 86 405 L0DTPF 404 83 404 L1 404 83 14 L1PF 404 75 14 L2 403 75 14 L2PF 378 65 14 
L0 730 91 730 L0DT 415 87 415 L0DTPF 414 84 414 L1 414 83 15 L1PF 414 75 15 L2 414 75 15 L2PF 389 65 15 
L0 743 91 743 L0DT 422 87 422 L0DTPF 421 84 421 L1 421 84 15 L1PF 421 76 15 L2 421 76 15 L2PF 396 65 15 
L0 761 92 761 L0DT 430 88 430 L0DTPF 429 85 429 L1 429 85 15 L1PF 429 77 15 L2 429 77 15 L2PF 403 66 15 
L0 790 94 790 L0DT 444 90 444 L0DTPF 443 87 443 L1 443 87 17 L1PF 442 78 17 L2 442 78 17 L2PF 413 67 17 
L0 800 95 800 L0DT 452 91 452 L0DTPF 451 88 451 L1 451 88 18 L1PF 450 79 18 L2 450 79 18 L2PF 421 68 18 
L0 827 97 827 L0DT 464 93 464 L0DTPF 463 90 463 L1 463 90 19 L1PF 462 81 19 L2 462 81 19 L2PF 431 70 18 
L0 859 104 859 L0DT 479 100 479 L0DTPF 478 96 478 L1 478 96 19 L1PF 477 87 19 L2 477 87 19 L2PF 445 75 18 
L0 880 105 880 L0DT 493 101 493 L0DTPF 492 97 492 L1 492 97 20 L1PF 491 88 20 L2 491 88 20 L2PF 459 76 19 
L0 903 109 903 L0DT 505 105 505 L0DTPF 504 101 504 L1 504 101 20 L1PF 503 92 20 L2 503 92 20 L2PF 471 78 19 
L0 917 113 917 L0DT 514 109 514 L0DTPF 513 105 513 L1 513 105 21 L1PF 512 96 21 L2 512 96 21 L2PF 480 82 20 
L0 931 113 931 L0DT 524 109 524 L0DTPF 523 105 523 L1 523 105 22 L1PF 522 96 22 L2 522 96 22 L2PF 490 82 21 
L0 947 115 947 L0DT 533 111 533 L0DTPF 532 107 532 L1 532 107 22 L1PF 531 98 22 L2 531 98 22 L2PF 498 84 21 
L0 970 118 970 L0DT 546 114 546 L0DTPF 545 110 545 L1 545 110 23 L1PF 544 101 23 L2 543 101 23 L2PF 509 87 22 
L0 987 118 990 L0DT 555 114 558 L0DTPF 554 110 557 L1 554 110 23 L1PF 553 101 23 L2 553 101 23 L2PF 519 87 22 
L0 987 121 1012 L0DT 555 117 578 L0DTPF 554 112 577 L1 554 112 23 L1PF 553 103 23 L2 553 103 23 L2PF 519 89 22 
