24 1111
1421 1111
1421 1111
24136 1111
24136 1111
29490 1111
39039 1111
39039 1111
52689 1111
62178 1111
62178 1111
63505 1111
64915 1111
64915 1111
81181 1111
81181 1111
92108 1111
93492 1111
93492 1111
101687 1111
101687 1111
106989 1111
108354 1111
108354 1111
111054 1111
121900 1111
121900 1111
123280 1111
142205 1111
142205 1111
156120 1111
156120 1111
163033 1111
167209 1111
172614 1111
172614 1111
173938 1111
173938 1111
184774 1111
195459 1111
195459 1111
195459 1111
195459 1111
199470 1111
202289 1111
203625 1111
203625 1111
203625 1111
203625 1111
205129 1111
223967 1111
223967 1111
225367 1111
225367 1111
225367 1111
228316 1111
229671 1111
241779 1111
241779 1111
247249 1111
247249 1111
257976 1111
260674 1111
277091 1111
277091 1111
286467 1111
290522 1111
290522 1111
309591 1111
309591 1111
319127 1111
319127 1111
319127 1111
319127 1111
327259 1111
347399 1111
348779 1111
348779 1111
351506 1111
351506 1111
366211 1111
366211 1111
367613 1111
393225 1111
398672 1111
402692 1111
404089 1111
405463 1111
405463 1111
410904 1111
421898 1111
423341 1111
423341 1111
431449 1111
432868 1111
438291 1111
450446 1111
450446 1111
450446 1111
477877 1111
479211 1111
479211 1111
479211 1111
480647 1111
480647 1111
480647 1111
501011 1111
502508 1111
502508 1111
506581 1111
516057 1111
521389 1111
526840 1111
528202 1111
532222 1111
533598 1111
533598 1111
536311 1111
540468 1111
540468 1111
551474 1111
555628 1111
555628 1111
557023 1111
557023 1111
580199 1111
586991 1111
586991 1111
586991 1111
588387 1111
588387 1111
588387 1111
589768 1111
589768 1111
593750 1111
593750 1111
593750 1111
595286 1111
600736 1111
606205 1111
606205 1111
623714 1111
630743 1111
633480 1111
633480 1111
655066 1111
656435 1111
661905 1111
661905 1111
668675 1111
668675 1111
671347 1111
674003 1111
674003 1111
674003 1111
675332 1111
678214 1111
678214 1111
694533 1111
695986 1111
695986 1111
701420 1111
727079 1111
733764 1111
733764 1111
735260 1111
738027 1111
742073 1111
754293 1111
754293 1111
759685 1111
759685 1111
765068 1111
765068 1111
767801 1111
769193 1111
779905 1111
796232 1111
797658 1111
797658 1111
797658 1111
800382 1111
800382 1111
805778 1111
805778 1111
807141 1111
807141 1111
808556 1111
808556 1111
809918 1111
828924 1111
828924 1111
834401 1111
842536 1111
842536 1111
845276 1111
849368 1111
854762 1111
862970 1111
864357 1111
864357 1111
868539 1111
868539 1111
869911 1111
869911 1111
871253 1111
872600 1111
873973 1111
873973 1111
875369 1111
875369 1111
876703 1111
876703 1111
883447 1111
890223 1111
895614 1111
895614 1111
901019 1111
901019 1111
907761 1111
907761 1111
909123 1111
909123 1111
918609 1111
930831 1111
930831 1111
932285 1111
946223 1111
946223 1111
954432 1111
959857 1111
961230 1111
984460 1111
984460 1111
995157 1111
995157 1111
995157 1111
1001796 1111
1008584 1111
1009922 1111
1009922 1111
1018004 1111
1018004 1111
1018004 1111
1019354 1111
1019354 1111
1020681 1111
1034169 1111
1035536 1111
1035536 1111
